0.443780866816289 0.47518601554346823 0.5177510196941165
0.5000719384551148 0.5272000566129826 0.39560523614062076
0.2745971195390099 0.32814204253055484 0.1095805652195892
0.9610215569099443 0.8714790820890088 0.6507066094371227
0.021870508281302506 0.02255509732241144 0.008272838117686927
0.47260996738614575 0.5027231607221649 0.5474747509521374
0.546826276733409 0.5683306387081251 0.6043894430176145
0.13733312147590748 0.15056696506622372 0.07960667707824638
0.37208203911469206 0.40112408074446204 0.3651891629564164
0.3023818730231039 0.3226046090752582 0.31257973475280754
0.48304149567070065 0.5022709478404153 0.5203871236699359
0.4028870384521802 0.42992232634059474 0.4621548902675146
0.43450516998014604 0.4597010444279844 0.4867898581684849
0.09267051997964135 0.09452673603034227 0.07921278771249853
0.05453081486141761 0.05336333235739355 0.030829002326413803
0.45114059304930265 0.46897500882965965 0.50024084850319
