2.261581040188955 0.09181739299313973 1
0.27578449150640094 0.47897251318116996 0
0.852279721449633 0.4172597710763317 1
0.2045802868342827 0.37145324805485447 0
0.9350636699695627 0.2801425188135726 1
1.6007714532002397 0.5522878758283906 0
1.5452060657049846 1.6128761787534405 1
1.535612196870151 0.6461983200269645 0
1.4743029489485067 1.5963363940473212 1
0.8746788966462123 -0.9193443348656242 0
2.327007176216986 0.18681825925788265 1
0.9495664817512859 -0.9290711821234726 0
2.3828831870102465 0.2943968729051984 1
0.1111326699546068 0.21059351439327723 0
1.003461392586098 0.17949058487453484 1
1.7300852147230128 0.20714832226288 0
1.772186046847834 1.6109228782984886 1
0.6011554285900004 -0.8045277653144274 0
2.0313558204976006 -0.11154872692474038 1
0.6660263159385066 -0.8438500758750384 0
2.1116185818824595 -0.05738846749683435 1
0.4016855000547418 0.6346704326420533 0
-0.6080997034885887 0.13595372423063823 1
0.34005408521810554 0.5638807782955569 0
0.9105808091676973 0.08344697153824121 1
1.7000799426264277 0.33062880822955376 0
1.694394711112804 1.6208700887843275 1
1.6563382507631088 0.4465009045643924 0
1.6186223678074803 1.6212709767208286 1
0.7330488539675347 -0.8762504003785131 0
2.1890269692465956 0.010322518052733543 1
1.2235660632835625 0.8902166428642645 0
1.214087094586724 1.456439517631736 1
1.1891298796464564 -0.9018563017300902 0
2.4709984181344615 0.6721588155513881 1
1.2723728744482508 -0.870801422312458 0
2.468794367766682 0.8062821182609521 1
-0.5856548327125106 -0.5353713241423471 0
1.2502023942541167 -0.08584598403701127 1
-0.1785267895230461 1.2033299392728176 0
1.3132575142865266 -0.13139203219999596 1
1.1419053154730547 0.9194079489827879 0
1.15334487943329 1.403049287361516 1
1.0613732338485966 0.9373128243059786 0
1.093148779480948 1.3410535022701495 1
1.3558214650566454 -0.8270729973920494 0
2.450125335378216 0.938461704962118 1
0.0490213363769409 -0.9384632347461233 0
1.066596935612305 0.09731235402502536 1
1.4631919776876177 0.7271445746342443 0
1.4059203462238288 1.572170246744261 1
1.385751988502056 0.794679326967502 0
1.3399368956624635 1.5407345870557392 1
1.0271333730591299 -0.9299941288227799 0
2.4268255598485773 0.4128804670166893 1
1.107140749564834 -0.9212458067054851 0
2.4567257237362696 0.539835322043295 1
-0.6889896935338592 0.5681231497039221 0
1.127751657311304 0.027387486266741035 1
2.2241247876562404 -0.9616626343414313 0
1.1886072724413566 -0.03317017719050208 1
1.3053067950466648 0.848880919433621 0
1.276113216859822 1.5021885617464195 1
0.2539083756943381 -0.4606424378098424 0
1.5889953962329268 -0.24400985590381774 1
0.8328269985958384 0.9321218506062082 0
0.8987646518307063 1.0721108436909774 1
0.7619701024920437 0.9133607207634655 0
0.8059132738807403 0.9068916871278587 1
1.6578155365092355 -0.5122009549759989 0
2.2382728672351977 1.3838556274223204 1
1.7140134912696827 -0.39901688153484166 0
2.162061992769952 1.4640155250720728 1
0.3188747656222701 -0.5553854637116747 0
1.665054406641047 -0.2530407829574658 1
0.3801062680674772 -0.63434154030667 0
1.7440378078685332 -0.2530627632271485 1
0.6938369053277772 0.8870848301699916 0
0.24898696100983292 -0.6916689799739963 1
1.4380640467714554 -0.7697782712442116 0
2.415868583599253 1.0651063868892499 1
1.0788795033766956 0.1026807480682293 0
1.3783080936216394 -0.17011113532041178 1
0.06314064928776347 -0.12364078670133825 0
1.4457626867506317 -0.20199185731647173 1
0.9827217831100883 0.9448320561356656 0
1.0323640744871134 1.2685746899075157 1
0.9064460499932367 0.9428375774341056 0
0.9690100308402532 1.1818550971751747 1
1.5173037792825486 -0.6982697500913386 0
2.367649981802529 1.1830753684903288 1
1.5913746879642958 -0.6123020999621145 0
2.3076341939575125 1.2898939161967728 1
0.17920932092174327 -0.33805425886452495 0
1.5159252625474877 -0.22677862230760215 1
1.792035160105034 0.13537663647944478 0
1.8310025066559739 1.6481543682052022 1
0.5615972053423762 -0.8132989231480123 0
1.9948166272574204 -0.18905941641030233 1
0.6246292191371761 -0.8581918080882499 0
2.0803823236577412 -0.1427070259498372 1
0.4436168458718899 0.7105559650134539 0
2.783534149714143 1.1240290538337956 1
0.38423575762730205 0.6468671911919205 0
0.8919153978830521 2.6538806142225484 1
1.7692781387689365 0.2716947068181226 0
1.7493217368660325 1.6635190511757347 1
1.7304746968795897 0.4014015720434599 0
1.6699373959254453 1.6685000552171267 1
0.68991650420993 -0.8964047282433922 0
2.164723818823699 -0.08212869548217905 1
0.6282674135539952 0.8536531353142863 0
0.9918223077200184 1.8658993482272443 1
1.7574203101849009 -0.27462624454345047 0
2.0813455916711714 1.5300981601476438 1
1.785821720670274 -0.14173766388598338 0
1.9981846735357514 1.5823576506893118 1
0.4401204610657182 -0.7022791181399909 0
1.825696426031898 -0.2431243173619314 1
0.5003138441739008 -0.761526817323953 0
1.9095472546115397 -0.22216361174094257 1
0.5649902242294452 0.813218048875422 0
-0.7380493091409068 1.3341950751776803 1
0.5036176945392875 0.7656727980655346 0
1.760369960964575 -0.4962901036012417 1
1.797614653242339 -0.0037734931953405846 0
1.914289156814521 1.6214232853578996 1
1.6653984134015931 0.2669049037183545 0
1.714371743268186 1.5722832468763333 1
0.6394223432226867 -0.7912879695377816 0
2.0592707411917788 -0.03248097087505497 1
0.7057622945080535 -0.824983750618688 0
2.1333020986739983 0.028179572022529187 1
0.3543042696838946 0.552750710639015 0
0.008502980465376342 1.9255960357961643 1
0.2882527786504262 0.4712941205445821 0
0.7641827836464768 0.5843869396399071 1
1.6298931510350037 0.3781355177329536 0
1.6399506272028397 1.5772010701657877 1
1.5826777314275278 0.48122094746909616 0
1.5672697584544197 1.5732411393331085 1
0.7740692874742569 -0.8515087001617899 0
2.2030187570976643 0.10141682017579212 1
0.542555238958747 0.7256022066452411 0
0.13362937097887417 0.9515790191054005 1
1.6897754019883602 -0.08963399164544912 0
1.9426264260817245 1.49765672213428 1
1.6959595695623346 0.03009390485185598 0
1.8664770698233182 1.5331701052070983 1
0.5111317438066443 -0.702169318348379 0
1.9048315692950515 -0.11718985791733527 1
0.5747088795823705 -0.7504433127355851 0
1.982637353085203 -0.08077136452785239 1
0.47991150349513306 0.6772953307502765 0
0.8297203278510441 -1.6710538165635895 1
0.41753215755334205 0.6202574881829476 0
0.9553525979546178 1.665407640999001 1
1.6877328286459363 0.14995007344955472 0
1.7900967508356647 1.5578321248788543 1
0.9796948255738324 -0.12205513148361058 0
1.0998859335916593 0.08854209123149992 1
1.3897215960834421 0.7256536331956204 0
1.3614191040943113 1.513412104656441 1
1.3148726512008944 0.7830223439703939 0
1.2967229167824057 1.4785865997488639 1
1.0692754472333617 -0.8783170581707638 0
2.3985658058661956 0.5076953011953602 1
1.1478561936393383 -0.8620083140172404 0
2.417031287067519 0.6293368222735656 1
-0.43951369240109345 -0.8234714126974276 0
1.1624910439058158 0.02464365519318179 1
0.5009362407556672 0.7304188585710436 0
1.224996057352085 -0.03033528863728463 1
1.237707810526496 0.8282698839368857 0
1.2335803018594014 1.436383966384029 1
0.8445573528278336 -0.8706125849279904 0
2.2664728066554343 0.1870249693253342 1
0.21508273636597536 0.3678426344456284 0
0.8884686920793359 0.3732504001192842 1
0.11988076077891598 0.21408411550694145 0
0.9674033475428145 0.25455857868572246 1
1.5255741865202659 0.5742738523570166 0
1.4965816409908916 1.5609915271938537 1
1.4605845587816548 0.655994420336018 0
1.4279800495095507 1.5409344922931152 1
0.9173149897028414 -0.881861149281983 0
2.3215758100305877 0.2842728875844907 1
0.9922920770495863 -0.8846666576400157 0
2.36624104003952 0.39182116570418585 1
-0.2048217153223433 1.6044562473048893 0
1.0357403175014455 0.16362288935342795 1
1.4610361503768017 -0.6808569493223532 0
2.3437165936971147 1.1115307284298699 1
-0.5082145249394863 -1.3152099073823504 0
1.4197162267428696 -0.15059177175058758 1
0.11769557338285057 -0.2151938004430207 0
1.4885806683560743 -0.17646624620158868 1
0.9297947885688141 0.8993759955469237 0
0.9822070087824353 1.1754471000085085 1
0.8566928525411919 0.8932350357250741 0
0.9100282845638585 1.0700236036553448 1
1.5321392812945382 -0.6035989905638893 0
2.292417758159134 1.216064024935188 1
1.5965687788663079 -0.5134216722435108 0
2.2313480509500794 1.3096632196381508 1
0.21354110490252984 -0.3756909547091809 0
1.559865103143891 -0.19488852171483884 1
1.1596297581245842 0.8618530035079413 0
1.1715166984734005 1.3864015996947563 1
1.2273917777317562 -0.8348886462070667 0
2.4206832669257476 0.753741222000396 1
1.3069671169104915 -0.7961196275795033 0
2.4092579766656526 0.8776716066707118 1
-1.2019468799464987 0.11329782342653423 0
1.2883116357066098 -0.0775596399853613 1
0.4023240465637777 -1.4489734257446913 0
1.353067201357964 -0.11758780340781416 1
1.0817594907430945 0.8844098827971463 0
1.1098214022900572 1.327733267413608 1
1.0049466947366388 0.8966691718094943 0
1.0473755963057512 1.2586012801729474 1
1.3853622388782072 -0.7449571016840187 0
2.3832222125259404 0.9979141601349089 1
0.5866990009671973 0.7906369451986442 0
-0.34555823016034437 0.6264934525978134 1
1.7276322518370906 -0.17698388061974016 0
2.0108555768788285 1.5157479559255327 1
1.7441199815096236 -0.0501004614628524 0
1.9313638708142413 1.5591435777088947 1
0.47601296037945046 -0.7044701300460108 0
1.8685678586889967 -0.18181358599480058 1
0.5380095159868415 -0.7582082139518428 0
1.9499015977132468 -0.1527520458993582 1
0.5240828792522566 0.7466699378042208 0
-1.441162935819339 0.8459218357501663 1
0.46265308388329496 0.6949921290072055 0
1.6944495331936609 1.3166282882713052 1
1.7449842038359258 0.07910464493184541 0
1.8514440485381478 1.5906192734342293 1
0.28639754624047126 -0.48400236369906907 0
1.6336521393448802 -0.20535453317945018 1
0.7858471598453725 0.8788676223667674 0
0.8157932395478275 0.9129629532885445 1
0.7173090943383387 0.8567760674028073 0
2.340573520868479 -0.23228632624036005 1
1.6520764113449862 -0.4111475286603964 0
2.1626735411796085 1.391123106745281 1
1.6964323817716183 -0.2982715889508643 0
2.0885240601298474 1.459845730430462 1
0.35185151606263976 -0.5700973571657312 0
1.7098839850747165 -0.20720527174047465 1
0.41436347519191613 -0.6423751401549008 0
1.7883338409282836 -0.19965302390461503 1
0.6509955639247745 0.8273117575195377 0
1.493899675716451 3.0127383263305685 1
0.4952004499640416 0.6576085414483213 0
-0.07346653057821906 1.3164921080893621 1
1.64546989408703 -0.01242011240085472 0
1.8762321371960602 1.4762810909815443 1
1.6428946527212978 0.0994551091655019 0
1.8030924351972422 1.504702540311213 1
0.5451252669575186 -0.6955619793983991 0
1.934082395593505 -0.0502620666553355 1
0.6100166652156408 -0.7384123638029326 0
2.0074881449312816 -0.007379005597157651 1
0.43158285665182633 0.6037543489238284 0
1.3584037017402752 1.997002162473986 1
0.3668851996196715 0.5393938786916913 0
0.0336430139331384 0.6346723694335115 1
1.627216807323426 0.2097651027738362 0
1.7298339505673752 1.5231633871627612 1
0.3488662754265877 -0.5131046638329483 0
1.7105585984868061 -0.11557145820551695 1
0.688657764043486 0.769133034655304 0
1.2081297465587448 2.92987342905728 1
0.6231914026989147 0.7396847244630886 0
-0.3518093118946344 2.1476308819183307 1
1.6116872980018604 -0.230240405647207 0
2.018188306794542 1.3878348841365113 1
1.634897883982623 -0.12318178592066732 0
1.9483166658447644 1.4374331974456505 1
0.4157654046634965 -0.5846138485182593 0
1.7847532299303 -0.10376308656626454 1
0.48068162330699193 -0.6446798736403849 0
1.8595093310203532 -0.08220307641915436 1
0.558845110051773 0.7026350621784654 0
1.9468437201641071 0.1636715597917794 1
0.8833736086462927 -0.8354257710704278 0
2.2614204840174246 0.2777385705050607 1
0.1262372219979371 0.21281458053929705 0
0.9217646921629283 0.34062414887939496 1
-1.264587283170156 -0.19727973172327987 0
0.9986633612051448 0.23554870257177768 1
1.4520021230602125 0.5885484897883146 0
1.4470848714518272 1.5080385073020532 1
1.387638316034835 0.6593836598955387 0
1.3802709885362283 1.4842942597146735 1
0.956079167266885 -0.8402238611178671 0
2.306450242979972 0.3753984632271896 1
1.0303930587059713 -0.8363034306054588 0
2.3405822492059745 0.4811554608583022 1
0.27896175337003315 -1.0635298963004587 0
1.0672739333459575 0.15298573191603404 1
1.5990332430825742 0.3159295559282982 0
1.6571760263565078 1.532201130383839 1
0.6759597356522188 -0.7737792986685069 0
2.0784929785292166 0.046861147093436695 1
0.7433568492376363 -0.8018329214350703 0
2.1456231361798954 0.11263629599884006 1
0.2991121462424554 0.4611619119373844 0
0.6216371925687876 -0.48855374621119374 1
0.2239016493645688 0.36129804071485555 0
0.8189689045765374 0.4994569287207067 1
1.5594274066300609 0.41563935519907264 0
1.5856357656829367 1.5323650143722878 1
1.509855204045855 0.5069885709746654 0
1.515548042860535 1.5241666318735145 1
0.8124572890742483 -0.8224792804002848 0
2.20720162381817 0.1897900427357061 1
1.0972043871970576 0.8312452389032947 0
1.124793892023455 1.3122591738335867 1
1.258348508134938 -0.7654901296489378 0
2.3655885387283706 0.8239038762769145 1
1.3333204185852634 -0.7199563831919215 0
2.346701941292051 0.937541982250061 1
-0.22624877919804673 0.43085747865676816 0
1.3250784131008704 -0.0649106832312284 1
1.5415428969075893 0.8435089689813984 0
1.3911804448236085 -0.09939188739802951 1
1.0226673623816451 0.8477645032827699 0
1.060815607596703 1.2463434262166664 1
0.9490800307574975 0.8547939540877736 0
0.9938963890433017 1.1665277547609563 1
1.4057967659377872 -0.6625781410652941 0
2.3149680327562843 1.0462810107554978 1
1.2501558256154977 -1.7302016137826517 0
1.1324429873971154 0.0844615273828101 1
1.3184918445280283 0.7190171453635343 0
1.3149912332104519 1.4530859312114766 1
1.2461513884848745 0.7673606336841263 0
1.250984311023521 1.4143454241737072 1
1.1059573487937622 -0.8230077899368862 0
2.3623878768353044 0.592889957394194 1
1.1822085454377729 -0.799634815855746 0
2.370871653583121 0.7080695085401865 1
-2.536855147404388 1.2092542956343713 0
1.1963770893433818 0.02635645480932247 1
0.4967968553112435 -0.38243114924910354 0
1.260323731324234 -0.023129385935371616 1
1.1720041124923664 0.804628241840699 0
1.1878137637284003 1.3676914844867967 1
0.31809005166472426 -0.5012748252800527 0
1.674357860181917 -0.16234910145222203 1
0.737911791257345 0.824677682456535 0
1.9005103834486075 1.0882975859006412 1
0.6711847566874566 0.7990635332986259 0
-0.31868118054347905 -0.09928226634082582 1
1.6362487607212786 -0.31692895709167385 0
2.0894057471190957 1.3921522960511008 1
1.6695446553467175 -0.20622743640325217 0
2.017402595721303 1.4507615368188962 1
0.38422864270603807 -0.5797269066946362 0
1.7499632505657607 -0.1572096995195129 1
0.44798979859161514 -0.6457456117321528 0
1.8269886591481257 -0.1424147677431663 1
0.6061612092367492 0.766061503700839 0
0.5886525264441188 -0.047752955495621974 1
1.4741896050613739 -0.5931632636196649 0
2.271649996923068 1.1477506453242508 1
-0.7238753965081293 -0.3766804029496959 0
1.4589967060350235 -0.12664194217840719 1
0.15821849421617767 -0.27042336467434525 0
1.5287557254413333 -0.14648646658747777 1
0.8769216252678 0.8529371759896536 0
0.9197166311527134 1.0649287553217435 1
0.8064875231815859 0.8427453930174584 0
0.8233723175703641 0.914019567829275 1
1.536692616620038 -0.5118901691062443 0
2.2183809496037536 1.2400460027565083 1
1.5913634529951666 -0.4194110378063939 0
2.1570021626822946 1.3217935937308416 1
0.2460699606416113 -0.40421395488157835 0
1.6005560707490383 -0.15856140452659495 1
0.3785450194539511 -0.5199746022256311 0
1.7417826642928498 -0.06566481155987702 1
0.6376217094993128 0.7117056576751415 0
0.05003943047054282 0.5061518895247746 1
0.5727757463192472 0.6779406830846133 0
0.6907753618166735 -0.054094233211484655 1
1.5796982970360132 -0.15144205991036908 0
1.9487137927059757 1.3788668943685032 1
1.5938889480632636 -0.04912397316203762 0
1.8808877843948772 1.4203671617671212 1
0.44619313909379726 -0.5850499668519991 0
1.8138249856582578 -0.04763099891063649 1
0.5121183592131671 -0.6393998813152675 0
1.8855437984961194 -0.019910982060753146 1
0.5083365910792944 0.6360804482544647 0
0.9291116157898808 0.8430204478504624 1
1.4730108984007506 -0.4263450034890396 0
2.1292237360849335 1.1947279297604825 1
0.11289045983240156 -0.17603422873138522 0
1.5292236119560167 -0.06670042016235056 1
0.22541341453846755 -0.3375968818347249 0
1.5991168661273372 -0.07471580928033206 1
0.7698818446524116 0.7561531231245417 0
1.1789174574863868 -0.48871451245809916 1
0.7032595315694121 0.7377491472271633 0
1.8237691121180244 2.0306110168177103 1
1.5181299942313802 -0.34184474798498937 0
2.074240463736447 1.26580148744628 1
1.5541171394308813 -0.24967214348761754 0
2.0135986140909585 1.327312516870648 1
0.30677377416231383 -0.44045705273834573 0
1.6700624111167666 -0.07452371054181983 1
1.5317380901546205 0.3554148390728797 0
1.6002128223792718 1.4905810746978592 1
0.7103317198969419 -0.7522472494043776 0
2.089167800001942 0.12529084126077294 1
0.7783412788489024 -0.7746933675284339 0
2.1489844218420977 0.19478681222306948 1
0.23080466062159471 0.351939973245969 0
3.0386887905423254 1.4832747896200904 1
0.12992121060060718 0.20708487443078896 0
0.8589314526196087 0.44906158128218593 1
1.4891331628051294 0.44438902082350396 0
1.5310768418085503 1.4861590822877995 1
1.4380427123401922 0.525003315859955 0
1.463085253495857 1.4737436490544509 1
0.847716564544154 -0.7895261874772735 0
2.2022643260452694 0.27431943986291696 1
0.44364838623611097 0.5852899166516911 0
-1.3065663380465875 0.12512258839472512 1
1.596094382550189 0.05505258815464877 0
1.811262743508384 1.4519478455811716 1
1.5861749275683925 0.1587296316145461 0
1.7407960926630084 1.473906439273664 1
0.5776315002067661 -0.6848513422686958 0
1.9560861412652422 0.0179540675635822 1
0.6435327354077248 -0.7223290069308762 0
2.02438513456389 0.06630512349610374 1
0.37760059535494184 0.5239247002714293 0
1.1312562008238225 0.11516448096848764 1
0.30815461120576565 0.4486836909906223 0
0.3401393917788911 1.0857118788025453 1
1.5644645667007047 0.25957188568847883 0
1.6702533648133944 1.486638806272326 1
-0.49098169303274586 -0.38313657908893684 0
1.1639809682679347 0.08481422364240543 1
1.249158356339685 0.7079212038631015 0
1.2661159429186393 1.3904929076751544 1
1.1791847366444612 0.7481786244569171 0
1.2020487850036417 1.3470652671884484 1
1.13671989993766 -0.7648749908292559 0
2.319796980537303 0.6685415183205407 1
1.2098203848747726 -0.735073522367699 0
2.3197121842833233 0.776528764002839 1
0.1279885176770762 0.8285846340988144 0
1.229073703127193 0.03232309276067169 1
0.13221730957323302 0.02944340679284036 0
1.2942118347147442 -0.011744123558350195 1
1.107773501096352 0.7782543016061192 0
1.1378754328704128 1.2947591036441677 1
0.9184670162619479 -0.7964359422722782 0
2.247401255103086 0.3630031222968462 1
-0.08279852839695478 0.9681959356389368 0
0.9529725753810041 0.3164823421629543 1
-0.5165152254986333 0.8555225273714933 0
1.0287963688041615 0.2222853126586704 1
1.3799950852135083 0.5961815108840149 0
1.3963263702046387 1.4536083562777797 1
1.3165408226444288 0.6572551193964545 0
1.3307414191505924 1.4258829506407384 1
0.9904517641610449 -0.7949870669875901 0
2.2828649250402995 0.45950741358825287 1
1.0633656919533279 -0.78465666325702 0
2.3073285610854892 0.5620669148929586 1
1.788027219455047 0.22015538108569513 0
1.0978472601651696 0.14717772013789254 1
1.4779741205467976 -0.5079728670337642 0
2.2000797996684183 1.1751038686873352 1
0.053829731013342506 -0.08952653078472718 0
1.4956557337543233 -0.09855925122396869 1
0.19341663862031602 -0.3093292803710637 0
1.565763003609237 -0.11242416833134228 1
0.8237486718536002 0.8052922364341425 0
0.8284360948993904 0.9104979965055906 1
0.7554813877130169 0.7910496205362288 0
0.9214883246478639 -1.164347523365921 1
1.5317273372092945 -0.42433444485952604 0
2.145658482058018 1.2562800618690195 1
1.5768375675324768 -0.3312689730291054 0
2.084481054501931 1.3273835611172249 1
0.2771241451617507 -0.42543231234233797 0
1.637451237274636 -0.11826236861821893 1
1.0358749064032646 0.7985286396335626 0
1.0724883325909809 1.2319161378890562 1
1.2817509008024632 -0.6947439882634643 0
2.307018641816395 0.883514234082815 1
1.351364412364295 -0.643509373111057 0
2.282173061619231 0.9870406230470965 1
-0.7688588375321788 -1.6486061897267261 0
1.3600842437282075 -0.04810620299512247 1
-0.7794581196114957 -0.44346123485500955 0
1.4271399145212171 -0.0770470307555049 1
0.9642343264137915 0.8094681136258963 0
1.003873815870051 1.155209712899989 1
0.8934021149132148 0.8115660804985624 0
0.9276081323977748 1.0569645807033354 1
1.417291598470663 -0.5812061372879568 0
2.246096536825486 1.0848683865208755 1
0.11231214705664742 -0.2746990337644387 0
1.383802404556055 -0.3466577605824992 1
1.016573676070372 1.1422027749140857 0
1.0659281977165411 1.4463587618300293 1
0.9312494628391886 1.1364139687983512 0
1.0134113701248588 1.37041048830732 1
1.556552215320263 -0.9565748363584251 0
2.5672567002751503 1.264727952141376 1
1.6597099528667054 -0.867523406053207 0
2.4876876789644444 1.4097257465668007 1
0.1840108640667735 -0.434159688016642 0
1.4518416963314535 -0.383784288145669 1
0.2418583046645661 -0.549620644340114 0
1.5243149750775449 -0.41434805624858484 1
0.8509303334283378 1.121190577021829 0
0.9605110115258706 1.2833100173901273 1
1.2481309243366683 -1.1069990312160223 0
2.6856971872133997 0.7436807390292548 1
-0.12611204324851621 1.6800861375695988 0
1.2014081117250466 -0.20001552647879406 1
1.0192404395830847 0.6784397694069327 0
1.2591064290583458 -0.25460380140756733 1
1.2016779901419365 1.1197169954712856 0
1.1743704228413776 1.574011649022529 1
1.1068324540188128 1.1371711610041575 0
1.1193001003696121 1.5137624330384296 1
1.3485135586093946 -1.0743032452768508 0
2.669749512958326 0.9263971231977158 1
1.451934171338006 -1.024871188405235 0
2.6293195020186015 1.1020996760104134 1
-1.267024904060939 -0.5025961008026507 0
1.3197253779756002 -0.3034995585874911 1
1.9761304994883941 -0.29616664827056033 0
2.084809666540753 1.7813568986247557 1
0.3987903992001702 -0.8010161218517993 0
1.7721904258068946 -0.45764379415818524 1
0.45182427055943886 -0.8673291238543602 0
1.865678528976625 -0.45158679048442774 1
0.5754905164156668 0.9855440716661714 0
2.999006110812931 -0.381339735431548 1
0.5162582613580144 0.9358324124625881 0
-1.2124133510314554 0.11585510175617009 1
2.0076411220158983 -0.1109974432399752 0
1.9811904057599925 1.825213524106141 1
2.012780788044219 0.08022594651747157 0
1.8810346829278368 1.8529499731602765 1
0.5067688226559246 -0.9274326408634913 0
1.964420281493432 -0.43238706109283953 1
0.7754922957358453 1.0976857214585647 0
0.9050394161469425 1.1797325805612187 1
1.7578574367260267 -0.7564188240392348 0
2.3953170952517957 1.5343185865577906 1
1.8466117200500134 -0.6230043230392506 0
2.294778067368049 1.6374312720742377 1
0.29511732185793166 -0.6448452258737103 0
1.6016486290212995 -0.43757692388835046 1
0.34689677334627456 -0.7274737200368837 0
1.6841957287755176 -0.4524429914448598 1
0.704679280665982 1.0668197147518652 0
0.8417352703228018 1.0459629710466636 1
0.6381469855301349 1.0292839968090814 0
0.7380206061676988 0.7966752443058077 1
1.9210290275066508 -0.4685393673694608 0
2.190168569943334 1.719361246452931 1
0.30239349257188564 0.6711612011007398 0
0.896878436000342 0.22521140823291547 1
1.8740261838670578 0.6160177516835107 0
1.6098489058746595 1.8588135178334282 1
1.787376224253803 0.7616992369885117 0
1.5300623564348534 1.840474035835497 1
0.7577500428582848 -1.1113281699872324 0
2.389151047309594 -0.17954721829743447 1
0.8309843376536735 -1.142088385850962 0
2.4903193987738304 -0.06191455903673804 1
0.2506027833538273 0.5820796312786038 0
0.9514900104350138 0.11598119135770446 1
0.1961700560076848 0.4760189330203996 0
1.0028371836846581 0.02396202986761753 1
1.6886734103813437 0.8851744451944764 0
1.4553887827447045 1.8141193662006343 1
0.5642688387484479 -0.9818458350554797 0
2.067760896779335 -0.39789584513227116 1
0.45995255298303866 0.8801233281755955 0
0.4756630471423006 1.866870042539018 1
0.4060134764147402 0.8180754286534159 0
1.8513378079702216 0.8252158727975732 1
1.9908569303589847 0.26990119665819695 0
1.785428054107868 1.8665828282744885 1
1.9434369465067725 0.4505930333163109 0
1.6949588103521696 1.8679853923640066 1
0.6249049947874209 -1.0307412813408707 0
2.174470698570854 -0.3457818691623662 1
0.6892239558065248 -1.0740173317751665 0
2.2825669202723105 -0.27369566142876833 1
0.35377862829151124 0.7489108524164054 0
0.8329210894957166 0.36764462084559746 1
1.1789104608103431 -1.1786988542810104 0
2.739028472965904 0.619944487601913 1
-1.37748423555697 0.5888105540458365 0
1.1567430326488912 -0.19494452104988258 1
1.0528442964855265 -1.2822471144671397 0
1.2112926612798984 -0.25474325515156815 1
1.2600338775567226 1.1620955549806886 0
1.2003886836362334 1.6431254859122864 1
1.1586859402038718 1.1857033211273924 0
1.145259197993292 1.585542965873421 1
1.280352283567563 -1.15839934722263 0
2.7391318242391884 0.8198854487977877 1
1.3868305818686348 -1.1220816035253647 0
2.7105697408988574 1.0165592838524413 1
-0.42501579842480647 -1.193530737933989 0
1.2686068133795838 -0.30908181693548653 1
1.5828401908777954 0.9857992163366928 0
1.3855040889622403 1.7806552710734185 1
0.9093895833483312 -1.1654627664616461 0
2.5812353865030815 0.07943467507497737 1
0.9933603874412357 -1.1803446770688262 0
2.656455953206306 0.2429954321533293 1
0.1335821909539383 0.3381011701678633 0
1.0533355792698509 -0.05681557721959907 1
0.01855102269786459 0.0489031077667344 0
1.1043312896522344 -0.12925845105353695 1
1.4740819336955566 1.0643199106625423 0
1.3200114644018852 1.7407499258795813 1
1.36568875438439 1.1223824154951527 0
1.2584665228987486 1.6948401396907053 1
1.0831732654163948 -1.1853307754980604 0
2.7105615260607845 0.4251161919098401 1
1.309533321890486 -1.0287104651015933 0
2.624171408641062 0.8481622252770116 1
-0.18072438987443715 -2.3899240343815613 0
1.2463480654496029 -0.2000126824589018 1
-1.4825341065392441 -0.46655349922782174 0
1.306978918902175 -0.2491935450199526 1
1.1451595371190466 1.0768427297533723 0
1.14508527783859 1.503144544023912 1
1.055970077112306 1.0887938470396479 0
1.089573854055733 1.4392664566926723 1
1.4069606944700142 -0.9843506534866139 0
2.5960394907216378 1.013475795807934 1
1.505264084546147 -0.9230740492491414 0
2.5473089367544164 1.1694919282236151 1
0.036107852321604225 -0.08469484682191902 0
1.3706110360192616 -0.2923808714601057 1
1.4290163910509737 0.9589782138997168 0
1.3239287756832692 1.6533905977517174 1
1.0357666720983114 -1.0777528341662566 0
2.5750074732149284 0.3529038057138622 1
1.1231179778839977 -1.073706148839425 0
2.6130803542207666 0.5120970843683725 1
0.6777150028028738 -1.7440418683743026 0
1.131870211673123 -0.08298598084594022 1
-0.4569773782352827 0.199161077078017 0
1.1881842538101548 -0.14475124714638543 1
1.3329009932824847 1.0134617118171974 0
1.2616997250983923 1.6097767072856581 1
1.2377947262598008 1.0522459356688618 0
1.202253419136972 1.5597709742911041 1
1.2145732186052054 -1.0579082054082274 0
2.6299247488982087 0.6790626588704369 1
0.7411444150329349 1.0369231904296359 0
0.8574578146411768 1.0582828622802698 1
1.779443863100376 -0.6248716121497465 0
2.311017774683764 1.5434593215793195 1
1.8520278790433218 -0.48677463500650275 0
2.2151043279841964 1.630817242816951 1
0.3310216928906063 -0.6669360573980152 0
1.6638765540471465 -0.3980603096950186 1
0.384972897058303 -0.7433526014203181 0
1.7484547671922175 -0.40389231838964257 1
0.672861007132858 1.0041534118631015 0
0.7616498790757322 0.8461832015904299 1
0.6082575922214508 0.9647964074271231 0
0.24242899885272112 -0.08444573046362891 1
1.9083383711087158 -0.3320755144679471 0
2.1164314218674605 1.6995284008204725 1
0.15081691846416678 -0.34138681355391026 0
1.437721687243799 -0.32939388706946526 1
0.9708059829657469 1.0895591972914682 0
1.0348996820681258 1.3668845953724804 1
0.8899422078589242 1.0804506668150191 0
0.979855088829777 1.2836326656392747 1
1.6021958599131458 -0.8433250834990583 0
2.4810064941172074 1.3116978920651148 1
1.6947980895821213 -0.744017485739296 0
2.400910103729562 1.4369320075202667 1
0.21806923258718078 -0.47563251886710883 0
1.5087374982873687 -0.3598144628049327 1
0.2761896969083683 -0.5794941647331449 0
1.5840267528256176 -0.38299573981719104 1
0.8134270091189055 1.062596120154939 0
0.9223321997176378 1.1847261100625748 1
0.6137452712674081 -0.9763240366491658 0
2.1294324583665487 -0.30440675514061866 1
0.43233369957549844 0.8087809452970216 0
1.0348538829325902 -0.7998753358326536 1
0.377869023179256 0.7431398911214508 0
0.7845998703856373 0.4974392307908937 1
1.9134477193526238 0.356430113519752 0
1.7369216269231635 1.815779312252222 1
1.8582762869631941 0.5158983955313672 0
1.651581345884011 1.8133074560230276 1
0.6775913952423573 -1.0194524481071656 0
2.230792010050819 -0.2397082865264848 1
0.7451571333936162 -1.0564800588970604 0
2.330738109500343 -0.15544726446821722 1
0.3242552928885116 0.6689807692212522 0
0.8688755045938803 0.30986883957844596 1
1.9445916639595087 -0.16469909894780674 0
2.0176124178789623 1.7507768104965562 1
0.4393973652510234 -0.811389057175909 0
1.837753132878889 -0.3991329313026666 1
0.49521363182710804 -0.872465331654189 0
1.931508398816938 -0.382187582026319 1
0.5469475163726484 0.9191396189265856 0
1.1908794110119318 1.4749474115972254 1
0.48848111378004144 0.8672222713161039 0
-0.42520396233668123 0.8118729351529944 1
1.9580353744913714 0.010028513222560272 0
1.9206001411838733 1.7861136285722767 1
1.9474595622781958 0.185874141679805 0
1.8267504604069618 1.807226858117668 1
0.5531303622176822 -0.9273342101470124 0
2.0291010702695935 -0.35125629633073774 1
1.5038174031895444 0.9748167818992685 0
1.3557764363791087 1.717075906325129 1
0.9743561680160833 -1.1250257223562425 0
2.586228485337248 0.22159056153689916 1
1.0606060552173135 -1.1305104790869256 0
2.642049515476567 0.38483895990604144 1
0.05100106441870721 0.12518371396146658 0
1.092344555381401 -0.07239867064160066 1
0.325474395750601 -0.1448106489023218 0
1.146044678336618 -0.13948935836120946 1
1.4017114697820676 1.0403618125852439 0
1.2920996947520107 1.675522166325326 1
1.3003810355828993 1.0880662839442743 0
1.23178926023677 1.6278312888522652 1
1.151948919451692 -1.1250794466422072 0
2.6761340079630935 0.5608656939425862 1
0.2702697949861947 0.5838225427908024 0
0.930783890154705 0.18638507294540718 1
1.7854964370413582 0.6597150722777316 0
1.570904002317128 1.8011650417881824 1
1.6993405296331983 0.7848767231357167 0
1.4948521984080925 1.7804969857171515 1
0.8168895424346401 -1.0869314263366023 0
2.4260339400742366 -0.050437180798530434 1
0.8931833653758123 -1.110097133338412 0
2.5126975457141407 0.07559409574794795 1
0.213767502893689 0.4826264788751134 0
0.9862639483688078 0.08728222303999433 1
0.1496981443349187 0.35266535292398926 0
1.0394733133962504 0.0024571082231451546 1
1.6041303103318236 0.8899460246183708 0
1.4232396601357364 1.7522308215482834 1
1.3577588721255982 0.9391884699357144 0
1.289856933450484 1.5891202117812668 1
1.0926182285826447 -1.0242571083302792 0
2.550346018091012 0.4720233889428028 1
1.1798295660414138 -1.0107824543241344 0
2.572769464889755 0.624433719808013 1
1.3080601385700263 -0.5788199196496885 0
1.1715933685187674 -0.08868533503365372 1
0.2987294856513155 0.3047104625788356 0
1.2303749462029256 -0.14510023783686066 1
1.2670167352209851 0.9841221666029936 0
1.228661036347885 1.5429519650923056 1
1.1773981846897585 1.0151169312000023 0
1.1696272683038147 1.4899652931511786 1
1.2699590938733554 -0.9849621544686156 0
2.575215313396304 0.780517310691265 1
0.17935338588559738 0.36919989146073534 0
0.9988374574553416 0.13014705405760996 1
1.6181506359301 0.7108891513828567 0
1.490553671455892 1.6870597011375768 1
1.5356640846904965 0.8031861124993875 0
1.420482300284702 1.6614003648394875 1
0.9288822523700017 -1.0195587236050487 0
2.4527417482826115 0.19583189221501152 1
1.008879775323678 -1.0267697429029818 0
2.509495631927506 0.32789838959034967 1
0.08686764007803424 0.18645641208083344 0
1.0569668987100862 0.04706112919137184 1
-1.07878941480158 1.3518940941563589 0
1.114095642909748 -0.025064596844018516 1
1.4480088360200771 0.8791636180211475 0
1.3536756753499852 1.6286402755423421 1
0.18644884193752054 -0.3913825407099885 0
1.4903533344745727 -0.3063810052576672 1
0.9250667639731766 1.0371763657694377 0
0.9984083691658865 1.281206003778406 1
0.8480695304802048 1.0248390641829923 0
0.9388815694442086 1.186635565814747 1
1.633904697981723 -0.7300243896289922 0
2.397341033066809 1.3457672850370717 1
1.7147362187833197 -0.6233408236075024 0
2.3179007275285897 1.4538574529355581 1
0.25187651541672657 -0.5088603526577871 0
1.563751145226448 -0.3298171109857597 1
0.31078939436108055 -0.6032413304057531 0
1.641115090216056 -0.3453577190026522 1
0.7748362896002302 1.0042989497401158 0
0.8723035792758782 1.0665013173945677 1
1.3620827724909845 -0.9453265972039904 0
2.557369902752172 0.9352524520042896 1
0.5955379455331163 1.3459026457073653 0
1.2911268943020051 -0.19497079650472915 1
-0.558219685114978 -0.048818884925593324 0
1.3544055640258104 -0.2385487503036945 1
1.0900682184999262 1.033450463140745 0
1.112167200113503 1.4296081237631566 1
1.0058040118500726 1.0404033027643669 0
1.0554875516117923 1.3607443879009762 1
1.4548196490087466 -0.8904211971450497 0
2.520219932451745 1.083733511131517 1
1.546255888612994 -0.8189581006655332 0
2.465895998780205 1.2216735189776886 1
0.09968471015302972 -0.21707283203558944 0
1.4206810116550912 -0.2757846001915133 1
1.9014729029873758 -0.04940926875936545 0
1.9532635323147776 1.7182160857392192 1
0.4803144119392548 -0.8168381442009375 0
1.8973423164852754 -0.33411954288116896 1
0.5387631051540336 -0.8726116471063208 0
1.9898177012017366 -0.3066250934008765 1
0.5156567532494188 0.8516748885483422 0
1.2655143002033484 0.25034974890697775 1
0.4575259518610686 0.7968675596231978 0
0.5114731532309233 1.0377854224061065 1
1.9000442449077468 0.11309636058392616 0
1.862044711150809 1.746109732640423 1
1.8772893202602128 0.27312224107662436 0
1.773692347375013 1.7613249173224326 1
0.5994371275224774 -0.9220845111614545 0
2.0845130885448713 -0.2646679061295284 1
0.7052485319335831 0.9762839611257617 0
0.7792845196053557 0.8758108666731212 1
1.785313681552248 -0.49953690652814614 0
2.230935345942548 1.5449057195388987 1
1.8420605720023817 -0.3603888636017119 0
2.1395214790928696 1.6188229659276576 1
0.3673280832754875 -0.6837073043906579 0
1.7225675953970032 -0.35205659709989146 1
0.4234448040850951 -0.7542306033171863 0
1.808066544921391 -0.3487599925582896 1
0.6390790594201877 0.9413296300965115 0
2.1947182698268746 1.3717812626659902 1
0.5760133480502917 0.899762968474324 0
-1.7505450476537698 1.739345664361408 1
1.8816518627310272 -0.208937489665289 0
2.0462719443797712 1.6762313708708794 1
0.23071117547486342 0.4860552814609929 0
0.9647790883759233 0.15503348421262708 1
1.7001900638882104 0.6905473319127505 0
1.531177902745462 1.7440279577397777 1
1.6155654928152827 0.7980695105320179 0
1.458355346171949 1.720933181485782 1
0.8742076564253386 -1.0562449532777916 0
2.446804708445395 0.07550943578100233 1
0.9527873607181164 -1.071514742623284 0
2.518399218965796 0.2062244225521373 1
0.16499872158072487 0.3628772547560249 0
1.0214850687433885 0.06445353648339791 1
0.07094459426010545 0.16262472098430036 0
1.076646752917984 -0.013814323995338107 1
1.5241135719796697 0.8874792568628567 0
1.389363527946573 1.6905458013073362 1
0.6628780589729928 -0.9654209507332552 0
2.179946795002998 -0.20665143225463523 1
0.40101557344309946 0.7347513276295657 0
2.2499971087541244 1.6467180525147693 1
0.34531891382663454 0.6641347256721591 0
0.8286422372095619 0.414484311856803 1
1.8345605949385468 0.4254576281916548 0
1.6888896762176915 1.7652356579572226 1
1.7744119330545693 0.5656855909410013 0
1.6080074641173967 1.7591024410475753 1
0.7295568922358963 -1.0025032938309764 0
2.2740465709902598 -0.13116111550453757 1
0.7998847181134511 -1.0329726269965533 0
2.364102912863624 -0.03720135869097074 1
0.2892426729844078 0.5827555093308966 0
0.9034320203929636 0.2648505605256735 1
0.10013900308961726 0.2017453686976934 0
1.032837959863333 0.11106249822982006 1
1.5392339051739754 0.7226025877790581 0
1.4488717238278204 1.6299035087145355 1
1.4592057236938913 0.8016845512887041 0
1.3810836940919988 1.6014884244441199 1
0.9801093978113063 -0.977293316778624 0
2.445483079762022 0.3086967793240292 1
1.0605923037624354 -0.9764416740975171 0
2.488212182190317 0.43931508903922545 1
-0.55772966059234 -0.15625747117322028 0
1.092478175755244 0.034788676964507714 1
-0.037501779726287 -0.7706030575903942 0
1.1515241309727742 -0.03146507070931093 1
1.375247212351882 0.866038313072276 0
1.3160127407889666 1.5660407907687217 1
0.7578567007780967 -0.9278469496608389 0
2.245896928664199 -0.006619129107257038 1
0.32433004085020434 0.5726685459076468 0
0.810910221059176 0.4791896444688497 1
0.26190832804266834 0.4840793792639684 0
0.9015409914181386 0.31355809010261637 1
1.6775350910632294 0.521277494670634 0
1.593281830699977 1.6640270186542652 1
1.612895817186698 0.6288751687774706 0
1.519576081834587 1.6509293440293171 1
0.8287526883002667 -0.9521934252673242 0
2.321552547053647 0.08407848109508564 1
0.9028083172128774 -0.9689144431577748 0
2.3890217782786065 0.1895813097122776 1
0.192606006800989 0.3719727359032029 0
0.9706046081053811 0.20110801780082704 1
1.4050565182570613 -0.8584657228378669 0
2.4874310048899324 1.0069300476168837 1
0.45775520251981344 -0.654235140760883 0
1.3352771318116914 -0.18496316561255355 1
-0.28413847234510037 0.29312545880725605 0
1.4008514056530075 -0.22276226559137524 1
1.036036168342572 0.9894792296989441 0
1.0749712409021177 1.3520966120265643 1
0.9560547992055155 0.9918180743310255 0
1.01597644837603 1.276148032769447 1
1.4916239661298452 -0.7944416036352141 0
2.4437737848787053 1.139565407666491 1
1.574838661734071 -0.7147085383272178 0
2.3858687633629083 1.261123469323869 1
0.14216127233368975 -0.28790610415437445 0
1.469325905453907 -0.25384489678647937 1
1.2894508710923687 0.9161082688080796 0
1.253355860771486 1.523702951008363 1
1.14399944026591 -0.9653187768489431 0
2.514888952927648 0.5784160871302807 1
1.2298234973182745 -0.9427637018131452 0
2.5239070706618594 0.7222223446125373 1
0.34119872650406574 0.22414212865137118 0
1.2111633602634972 -0.08960039011208365 1
-1.9512676482931353 -0.473004339163502 0
1.2722100622088557 -0.14061158509649607 1
1.2035121908774988 0.9526928102965071 0
1.192700302598652 1.474350419436681 1
1.1187291378371262 0.9767910643769715 0
1.1334940505020124 1.4174952624924426 1
1.317243248719451 -0.9075493946552511 0
2.5146162599868545 0.8664952816378465 1
0.6676871759810796 0.9153502463970608 0
2.557329529648985 0.9764365164480449 1
1.7773062928526913 -0.38236683680450806 0
2.15454630602464 1.5400906793582338 1
1.8191923215156829 -0.24517826616333266 0
2.0674019180505576 1.6024282488399235 1
0.40378842694936845 -0.6954190484846909 0
1.7767891837146308 -0.3001623292277418 1
0.4620045071100344 -0.7602458423032927 0
1.8620457861540858 -0.28786043958771557 1
0.6031998789226151 0.8778715281310955 0
0.26172150550474005 0.37623439680444476 1
0.5412369408054082 0.8336212618482173 0
0.7956500865398517 1.5259530579657383 1
1.843887977851661 -0.09957369767030952 0
1.9790713483571036 1.6500569879303066 1
0.22064305432387982 -0.4302610960494337 0
1.5410074684588646 -0.2778192186625664 1
0.8791488365564367 0.9847898402310338 0
0.9545037031821755 1.1856290581889786 1
0.8054763717466857 0.96925595823159 0
0.8861280460737517 1.0710123929477646 1
1.6521482150585145 -0.6189999695467024 0
2.316441235778666 1.3692156518895846 1
1.7206541537401099 -0.5077667227922417 0
2.2383973027582384 1.4623970828183164 1
0.2855005232621598 -0.5351651798523259 0
1.6161080513352235 -0.29408755052404956 1
0.3454983452527246 -0.6213958622684757 0
1.694721888783426 -0.3018593114177477 1
0.7350332738695367 0.9459286042834235 0
0.7937999083669005 0.8950027026815914 1
0.7111087573115393 -0.9492129679564373 0
2.218791869015994 -0.10671799643913349 1
0.365380102284724 0.6567270987965561 0
0.7540342130723656 0.5844840413569162 1
0.307327778772312 0.5789986989791905 0
0.8664364397514384 0.3569334824414694 1
1.755630122262752 0.47964328827517455 0
1.6410908989115938 1.7147291304981627 1
1.6925177840650305 0.6026210756731758 0
